2977514383
4067483618
4000543026
3984756879
3532103872
2984426697
2755256696
2092010657
3022514132
3022514132
2378880232
335635599
2357147425
193086902
2232423962
2970363013
3475373021
3355729110
1058063514
592205035
2210826828
1744049370
2800231390
2706164542
1480620409
886179050

2530708203
2449079192
2124068461
160883521
2859186805
1188383762
1768946036
1443942890
3825861148
460323745
2438624774
1200302636
2979806694
193086902
2970251289
2274999566
2988562136
2988562136
1070028702
2419936549
2691018128
582968237
2404684419
208064634
2855450448
3423146582
